   9.000000       9.500000              14
    0.120  270.582   26.264
    0.190  205.226   15.114
    0.301  181.833   15.818
    0.477  123.022    8.660
    0.755   92.863    7.425
    1.197   61.231    3.913
    1.897   38.857    1.986
    3.007   25.853    1.034
    4.766   15.697    0.550
    7.554    9.263    0.357
   11.972    5.345    0.248
   18.974    2.854    0.195
   30.071    2.529    0.174
   47.660    0.458    0.332
    0.0108    0.0045    0.0065    0.0055    0.0062    0.0050    0.0040    0.0031    0.0022    0.0015    0.0020    0.0008    0.0012    0.0389
    0.0045    0.0069    0.0056    0.0050    0.0054    0.0045    0.0035    0.0028    0.0022    0.0018    0.0017    0.0010    0.0017    0.0244
    0.0065    0.0056    0.0090    0.0066    0.0073    0.0059    0.0046    0.0034    0.0025    0.0017    0.0018    0.0003    0.0014    0.0471
    0.0055    0.0050    0.0066    0.0064    0.0064    0.0051    0.0041    0.0030    0.0022    0.0018    0.0018    0.0009    0.0014    0.0342
    0.0062    0.0054    0.0073    0.0064    0.0078    0.0061    0.0047    0.0035    0.0025    0.0017    0.0018    0.0004    0.0011    0.0454
    0.0050    0.0045    0.0059    0.0051    0.0061    0.0055    0.0043    0.0032    0.0024    0.0018    0.0018    0.0007    0.0014    0.0343
    0.0040    0.0035    0.0046    0.0041    0.0047    0.0043    0.0041    0.0031    0.0024    0.0019    0.0020    0.0011    0.0016    0.0241
    0.0031    0.0028    0.0034    0.0030    0.0035    0.0032    0.0031    0.0031    0.0025    0.0021    0.0021    0.0016    0.0018    0.0135
    0.0022    0.0022    0.0025    0.0022    0.0025    0.0024    0.0024    0.0025    0.0028    0.0023    0.0021    0.0018    0.0020    0.0070
    0.0015    0.0018    0.0017    0.0018    0.0017    0.0018    0.0019    0.0021    0.0023    0.0030    0.0026    0.0023    0.0023    0.0005
    0.0020    0.0017    0.0018    0.0018    0.0018    0.0018    0.0020    0.0021    0.0021    0.0026    0.0037    0.0030    0.0023    0.0008
    0.0008    0.0010    0.0003    0.0009    0.0004    0.0007    0.0011    0.0016    0.0018    0.0023    0.0030    0.0061    0.0033   -0.0127
    0.0012    0.0017    0.0014    0.0014    0.0011    0.0014    0.0016    0.0018    0.0020    0.0023    0.0023    0.0033    0.0062   -0.0026
    0.0389    0.0244    0.0471    0.0342    0.0454    0.0343    0.0241    0.0135    0.0070    0.0005    0.0008   -0.0127   -0.0026    0.5257
