   9.500000       10.00000              14
    0.120  388.815   83.198
    0.190  288.384   55.778
    0.301  228.047   40.157
    0.477  161.172   25.446
    0.755  111.791   14.929
    1.197   69.407    7.387
    1.897   45.751    3.630
    3.007   30.453    2.027
    4.766   20.490    0.995
    7.554   12.326    0.888
   11.972    6.884    0.677
   18.974    4.021    0.539
   30.071    2.850    0.229
   47.660    0.532    0.463
    0.0468    0.0383    0.0357    0.0312    0.0265    0.0202    0.0140    0.0105    0.0035   -0.0061   -0.0127   -0.0065    0.0010    0.1260
    0.0383    0.0385    0.0333    0.0297    0.0252    0.0196    0.0137    0.0105    0.0041   -0.0046   -0.0104   -0.0031    0.0025    0.1052
    0.0357    0.0333    0.0321    0.0278    0.0235    0.0182    0.0128    0.0097    0.0037   -0.0044   -0.0098   -0.0033    0.0020    0.1001
    0.0312    0.0297    0.0278    0.0261    0.0217    0.0171    0.0124    0.0096    0.0043   -0.0024   -0.0070    0.0000    0.0032    0.0736
    0.0265    0.0252    0.0235    0.0217    0.0191    0.0148    0.0107    0.0083    0.0037   -0.0021   -0.0061   -0.0006    0.0026    0.0665
    0.0202    0.0196    0.0182    0.0171    0.0148    0.0127    0.0093    0.0074    0.0040   -0.0002   -0.0031    0.0019    0.0033    0.0410
    0.0140    0.0137    0.0128    0.0124    0.0107    0.0093    0.0077    0.0063    0.0038    0.0011   -0.0008    0.0033    0.0035    0.0213
    0.0105    0.0105    0.0097    0.0096    0.0083    0.0074    0.0063    0.0059    0.0039    0.0021    0.0007    0.0044    0.0038    0.0077
    0.0035    0.0041    0.0037    0.0043    0.0037    0.0040    0.0038    0.0039    0.0039    0.0036    0.0033    0.0057    0.0040   -0.0141
   -0.0061   -0.0046   -0.0044   -0.0024   -0.0021   -0.0002    0.0011    0.0021    0.0036    0.0066    0.0078    0.0094    0.0049   -0.0527
   -0.0127   -0.0104   -0.0098   -0.0070   -0.0061   -0.0031   -0.0008    0.0007    0.0033    0.0078    0.0110    0.0117    0.0052   -0.0759
   -0.0065   -0.0031   -0.0033    0.0000   -0.0006    0.0019    0.0033    0.0044    0.0057    0.0094    0.0117    0.0192    0.0092   -0.0885
    0.0010    0.0025    0.0020    0.0032    0.0026    0.0033    0.0035    0.0038    0.0040    0.0049    0.0052    0.0092    0.0079   -0.0294
    0.1260    0.1052    0.1001    0.0736    0.0665    0.0410    0.0213    0.0077   -0.0141   -0.0527   -0.0759   -0.0885   -0.0294    0.7556
