   10.00000       10.50000              14
    0.120  393.234   30.913
    0.190  287.154   25.668
    0.301  223.528   14.039
    0.477  164.613    7.819
    0.755  113.182    3.683
    1.197   73.073    1.938
    1.897   49.318    0.960
    3.007   34.459    0.776
    4.766   24.065    0.617
    7.554   15.995    0.983
   11.972    9.983    0.895
   18.974    5.171    0.673
   30.071    3.470    0.229
   47.660    1.306    0.922
    0.0076    0.0052    0.0043    0.0036    0.0029    0.0024    0.0017    0.0013    0.0012   -0.0013   -0.0025   -0.0045    0.0039   -0.0298
    0.0052    0.0094    0.0060    0.0050    0.0036    0.0031    0.0017    0.0012    0.0009   -0.0031   -0.0052   -0.0085    0.0047   -0.0518
    0.0043    0.0060    0.0054    0.0040    0.0030    0.0027    0.0018    0.0014    0.0012   -0.0016   -0.0032   -0.0054    0.0038   -0.0360
    0.0036    0.0050    0.0040    0.0038    0.0028    0.0025    0.0018    0.0014    0.0013   -0.0008   -0.0019   -0.0037    0.0033   -0.0261
    0.0029    0.0036    0.0030    0.0028    0.0026    0.0022    0.0018    0.0016    0.0015    0.0002   -0.0005   -0.0016    0.0027   -0.0146
    0.0024    0.0031    0.0027    0.0025    0.0022    0.0023    0.0018    0.0017    0.0016    0.0006    0.0000   -0.0008    0.0024   -0.0115
    0.0017    0.0017    0.0018    0.0018    0.0018    0.0018    0.0020    0.0019    0.0018    0.0016    0.0014    0.0013    0.0017   -0.0010
    0.0013    0.0012    0.0014    0.0014    0.0016    0.0017    0.0019    0.0021    0.0020    0.0020    0.0020    0.0021    0.0013    0.0017
    0.0012    0.0009    0.0012    0.0013    0.0015    0.0016    0.0018    0.0020    0.0022    0.0023    0.0022    0.0025    0.0011    0.0026
   -0.0013   -0.0031   -0.0016   -0.0008    0.0002    0.0006    0.0016    0.0020    0.0023    0.0052    0.0067    0.0089   -0.0006    0.0393
   -0.0025   -0.0052   -0.0032   -0.0019   -0.0005    0.0000    0.0014    0.0020    0.0022    0.0067    0.0094    0.0126   -0.0013    0.0603
   -0.0045   -0.0085   -0.0054   -0.0037   -0.0016   -0.0008    0.0013    0.0021    0.0025    0.0089    0.0126    0.0182   -0.0028    0.0861
    0.0039    0.0047    0.0038    0.0033    0.0027    0.0024    0.0017    0.0013    0.0011   -0.0006   -0.0013   -0.0028    0.0058   -0.0204
   -0.0298   -0.0518   -0.0360   -0.0261   -0.0146   -0.0115   -0.0010    0.0017    0.0026    0.0393    0.0603    0.0861   -0.0204    0.4983
