   10.50000       11.00000              14
    0.120  597.466   90.192
    0.190  411.860   24.702
    0.301  267.002   23.886
    0.477  177.249   10.115
    0.755  129.185    5.566
    1.197   83.692    3.573
    1.897   57.954    2.935
    3.007   41.691    1.673
    4.766   29.157    1.126
    7.554   20.199    1.041
   11.972   12.782    0.942
   18.974    7.316    0.618
   30.071    4.050    0.647
   47.660    2.619    0.762
    0.0240    0.0018    0.0096    0.0071    0.0057    0.0059    0.0070    0.0057    0.0056    0.0071    0.0094    0.0107    0.0189    0.0337
    0.0018    0.0051    0.0009    0.0017    0.0020    0.0017    0.0017    0.0019    0.0018    0.0020    0.0023    0.0023    0.0030    0.0041
    0.0096    0.0009    0.0094    0.0054    0.0036    0.0043    0.0050    0.0037    0.0039    0.0045    0.0055    0.0063    0.0102    0.0182
    0.0071    0.0017    0.0054    0.0047    0.0033    0.0035    0.0040    0.0033    0.0033    0.0038    0.0047    0.0052    0.0085    0.0146
    0.0057    0.0020    0.0036    0.0033    0.0034    0.0030    0.0033    0.0030    0.0029    0.0034    0.0042    0.0046    0.0073    0.0120
    0.0059    0.0017    0.0043    0.0035    0.0030    0.0034    0.0035    0.0030    0.0030    0.0035    0.0042    0.0046    0.0072    0.0121
    0.0070    0.0017    0.0050    0.0040    0.0033    0.0035    0.0041    0.0034    0.0033    0.0039    0.0048    0.0053    0.0085    0.0144
    0.0057    0.0019    0.0037    0.0033    0.0030    0.0030    0.0034    0.0031    0.0030    0.0035    0.0042    0.0046    0.0072    0.0119
    0.0056    0.0018    0.0039    0.0033    0.0029    0.0030    0.0033    0.0030    0.0030    0.0034    0.0041    0.0044    0.0069    0.0113
    0.0071    0.0020    0.0045    0.0038    0.0034    0.0035    0.0039    0.0035    0.0034    0.0042    0.0051    0.0056    0.0091    0.0153
    0.0094    0.0023    0.0055    0.0047    0.0042    0.0042    0.0048    0.0042    0.0041    0.0051    0.0069    0.0075    0.0127    0.0219
    0.0107    0.0023    0.0063    0.0052    0.0046    0.0046    0.0053    0.0046    0.0044    0.0056    0.0075    0.0085    0.0144    0.0248
    0.0189    0.0030    0.0102    0.0085    0.0073    0.0072    0.0085    0.0072    0.0069    0.0091    0.0127    0.0144    0.0267    0.0467
    0.0337    0.0041    0.0182    0.0146    0.0120    0.0121    0.0144    0.0119    0.0113    0.0153    0.0219    0.0248    0.0467    0.0855
