   9.000000       9.500000              14
    0.120  589.762  221.791
    0.190  372.388   79.095
    0.301  310.612   44.862
    0.477  214.363   24.573
    0.755  155.241   17.784
    1.197   82.888    8.925
    1.897   50.660    5.333
    3.007   29.824    2.828
    4.766   19.169    1.726
    7.554   11.670    2.688
   11.972    6.595    1.266
   18.974    5.163    0.792
   30.071    2.766    0.561
   47.660    0.768    0.494
    0.1431    0.0196    0.0231    0.0159    0.0136    0.0083    0.0067    0.0057    0.0048    0.0120    0.0079    0.0023   -0.0077    0.0113
    0.0196    0.0482    0.0185    0.0132    0.0127    0.0104    0.0100    0.0061    0.0053    0.0077    0.0042    0.0037   -0.0018   -0.0148
    0.0231    0.0185    0.0245    0.0148    0.0136    0.0129    0.0098    0.0063    0.0051    0.0059    0.0035    0.0037   -0.0003   -0.0112
    0.0159    0.0132    0.0148    0.0171    0.0133    0.0118    0.0092    0.0075    0.0069    0.0072    0.0046    0.0045   -0.0004   -0.0081
    0.0136    0.0127    0.0136    0.0133    0.0171    0.0131    0.0110    0.0078    0.0072    0.0092    0.0060    0.0056   -0.0017   -0.0086
    0.0083    0.0104    0.0129    0.0118    0.0131    0.0156    0.0117    0.0082    0.0066    0.0068    0.0055    0.0057    0.0003   -0.0071
    0.0067    0.0100    0.0098    0.0092    0.0110    0.0117    0.0151    0.0098    0.0083    0.0040    0.0048    0.0069   -0.0002   -0.0109
    0.0057    0.0061    0.0063    0.0075    0.0078    0.0082    0.0098    0.0131    0.0091    0.0056    0.0053    0.0063    0.0013   -0.0095
    0.0048    0.0053    0.0051    0.0069    0.0072    0.0066    0.0083    0.0091    0.0123    0.0063    0.0056    0.0058    0.0020   -0.0079
    0.0120    0.0077    0.0059    0.0072    0.0092    0.0068    0.0040    0.0056    0.0063    0.0560    0.0190    0.0048   -0.0042   -0.0245
    0.0079    0.0042    0.0035    0.0046    0.0060    0.0055    0.0048    0.0053    0.0056    0.0190    0.0401    0.0068    0.0010   -0.0094
    0.0023    0.0037    0.0037    0.0045    0.0056    0.0057    0.0069    0.0063    0.0058    0.0048    0.0068    0.0271    0.0031   -0.0203
   -0.0077   -0.0018   -0.0003   -0.0004   -0.0017    0.0003   -0.0002    0.0013    0.0020   -0.0042    0.0010    0.0031    0.0444   -0.0001
    0.0113   -0.0148   -0.0112   -0.0081   -0.0086   -0.0071   -0.0109   -0.0095   -0.0079   -0.0245   -0.0094   -0.0203   -0.0001    0.4138
