   9.500000       10.00000              14
    0.120  492.954   48.235
    0.190  357.328   26.210
    0.301  278.954   16.275
    0.477  191.013   11.227
    0.755  129.626    7.157
    1.197   77.250    3.934
    1.897   48.988    2.373
    3.007   31.832    1.441
    4.766   20.453    0.870
    7.554   11.428    0.540
   11.972    6.068    0.325
   18.974    3.628    0.254
   30.071    2.783    0.203
   47.660    1.109    0.159
    0.0136    0.0068    0.0066    0.0064    0.0058    0.0056    0.0056    0.0056    0.0054    0.0053    0.0047    0.0042    0.0042    0.0028
    0.0068    0.0097    0.0062    0.0061    0.0059    0.0055    0.0052    0.0052    0.0052    0.0048    0.0048    0.0045    0.0050    0.0044
    0.0066    0.0062    0.0079    0.0066    0.0061    0.0056    0.0055    0.0053    0.0051    0.0049    0.0046    0.0047    0.0046    0.0045
    0.0064    0.0061    0.0066    0.0079    0.0068    0.0062    0.0060    0.0055    0.0051    0.0051    0.0048    0.0047    0.0044    0.0035
    0.0058    0.0059    0.0061    0.0068    0.0075    0.0065    0.0061    0.0055    0.0052    0.0050    0.0047    0.0044    0.0046    0.0039
    0.0056    0.0055    0.0056    0.0062    0.0065    0.0071    0.0064    0.0057    0.0054    0.0052    0.0050    0.0046    0.0047    0.0044
    0.0056    0.0052    0.0055    0.0060    0.0061    0.0064    0.0069    0.0060    0.0056    0.0054    0.0050    0.0051    0.0051    0.0046
    0.0056    0.0052    0.0053    0.0055    0.0055    0.0057    0.0060    0.0066    0.0059    0.0056    0.0052    0.0053    0.0053    0.0039
    0.0054    0.0052    0.0051    0.0051    0.0052    0.0054    0.0056    0.0059    0.0064    0.0059    0.0054    0.0054    0.0056    0.0038
    0.0053    0.0048    0.0049    0.0051    0.0050    0.0052    0.0054    0.0056    0.0059    0.0068    0.0061    0.0058    0.0057    0.0042
    0.0047    0.0048    0.0046    0.0048    0.0047    0.0050    0.0050    0.0052    0.0054    0.0061    0.0074    0.0064    0.0055    0.0046
    0.0042    0.0045    0.0047    0.0047    0.0044    0.0046    0.0051    0.0053    0.0054    0.0058    0.0064    0.0092    0.0065    0.0048
    0.0042    0.0050    0.0046    0.0044    0.0046    0.0047    0.0051    0.0053    0.0056    0.0057    0.0055    0.0065    0.0097    0.0061
    0.0028    0.0044    0.0045    0.0035    0.0039    0.0044    0.0046    0.0039    0.0038    0.0042    0.0046    0.0048    0.0061    0.0242
